5.5196986 0.013643908
5.559953 0.013587961
5.6002083 0.013563265
5.640463 0.013537908
5.6807175 0.013538585
5.720972 0.013520097
5.761227 0.01350612
5.8014817 0.01344352
5.8417363 0.0133853275
5.881991 0.01333289
5.922246 0.013270278
5.9625006 0.0132486345
6.002755 0.013204708
6.04301 0.013189315
6.083265 0.013121622
6.1235194 0.0130868545
6.163774 0.013105228
6.204029 0.013066515
6.2442837 0.013076738
6.2845383 0.013042775
6.324793 0.013026096
6.365048 0.012981909
6.4053025 0.012970303
6.445557 0.01296673
6.4858117 0.012941089
6.526067 0.012922494
6.5663214 0.012904864
6.606576 0.012884447
6.6468306 0.012853549
6.6870856 0.012837849
6.72734 0.012838694
6.767595 0.012833001
6.80785 0.012826299
6.8481045 0.012803654
6.888359 0.012825708
6.9286137 0.012825362
6.9688687 0.012840468
7.0091233 0.012859193
7.049378 0.012852744
7.0896325 0.012817317
7.1298876 0.012830086
7.170142 0.0128272185
7.210397 0.012873362
7.2506514 0.012914363
7.2909064 0.012908942
7.331161 0.012937901
7.3714156 0.012958191
7.41167 0.012965137
7.4519253 0.012926838
7.49218 0.012948551
7.5324345 0.012999607
7.5726895 0.0130113205
7.612944 0.013035169
7.6531987 0.013060218
7.6934533 0.01307929
7.7337084 0.013065376
7.773963 0.0130850775
7.8142176 0.013109395
7.854472 0.013124543
7.894727 0.0131240785
7.934982 0.013123639
7.9752364 0.013149452
8.0154915 0.013155971
8.055746 0.013149541
8.096001 0.013168889
8.136255 0.013157803
8.17651 0.013163763
8.216764 0.013178337
8.257019 0.013212379
8.297275 0.013243036
8.337529 0.013244905
8.377784 0.013283713
8.418038 0.013302622
8.458293 0.013346973
8.498548 0.013345239
8.538802 0.013359837
8.579058 0.013404706
8.619312 0.013411117
8.659567 0.013449562
8.699821 0.01349521
8.740076 0.013535261
8.780331 0.013566193
8.820585 0.013623044
8.86084 0.013691292
8.901095 0.013767355
8.94135 0.013880684
8.981605 0.013963616
9.021859 0.014061004
9.062114 0.014144251
9.102368 0.014213787
9.142623 0.014240777
9.1828785 0.014245577
9.223133 0.014245706
9.263388 0.014258027
9.303642 0.014230961
9.343897 0.014233033
9.384151 0.014213368
9.424406 0.014215044
9.464661 0.0141878445
9.504916 0.014184827
9.545171 0.014227998
9.585425 0.014256541
9.62568 0.014303927
9.665935 0.014356525
9.706189 0.014395491
9.746444 0.014448957
9.786698 0.01449732
9.826954 0.014548216
9.8672085 0.014596547
9.907463 0.014658798
9.947718 0.014720481
9.987972 0.01478282
10.028227 0.014835861
10.068481 0.01488031
10.108737 0.01493911
10.148992 0.0150035145
10.189246 0.01509043
10.229501 0.015156235
10.269755 0.015204278
10.31001 0.015264261
10.350265 0.015344193
10.390519 0.01543743
10.430775 0.015527424
10.471029 0.015620512
10.511284 0.01572162
10.551538 0.015855683
10.591793 0.016005486
10.632048 0.016201774
10.672302 0.01638791
10.712557 0.016616836
10.752812 0.016871564
10.793067 0.017157536
10.833322 0.017464364
10.873576 0.017750785
10.913831 0.017998168
10.954085 0.018260963
10.99434 0.01848862
11.0345955 0.018650535
11.07485 0.018753154
11.115105 0.018873269
11.155359 0.018935317
11.195614 0.018953206
11.235868 0.018927544
11.276123 0.018934794
11.316378 0.01891011
11.356633 0.018889355
11.396888 0.018902434
11.437142 0.018931437
11.477397 0.01898274
11.517652 0.019026984
11.557906 0.019141527
11.598161 0.019257138
11.638416 0.019413326
11.678671 0.019530952
11.718925 0.019677553
11.75918 0.019861126
11.799435 0.02003953
11.839689 0.020232785
11.879944 0.020421198
11.920198 0.020614754
11.960454 0.020837583
12.000709 0.021041544
12.040963 0.021301562
12.081218 0.021526845
12.121472 0.021744085
12.161727 0.021994837
12.201982 0.022260766
12.242236 0.022539059
12.282492 0.02279549
12.322746 0.023071436
12.363001 0.02334178
12.403255 0.023623534
12.44351 0.023906268
12.483765 0.024194088
12.524019 0.024493987
12.564275 0.024793396
12.604529 0.025067953
12.644784 0.02538041
12.685039 0.025703888
12.725293 0.026003178
12.765548 0.026260596
12.805802 0.02656011
12.846057 0.026913557
12.8863125 0.027230285
12.926567 0.027580205
12.966822 0.027977021
13.007076 0.028389454
13.047331 0.028691364
13.087585 0.028963747
13.12784 0.029238079
13.168095 0.029512715
13.20835 0.029719975
13.248605 0.029932257
13.288859 0.030177206
13.329114 0.030423973
13.369369 0.030658223
13.409623 0.030897636
13.449878 0.031150615
13.490133 0.031387374
13.530388 0.03160078
13.570642 0.031797238
13.610897 0.03203941
13.651152 0.03225743
13.691406 0.032408986
13.731661 0.032604136
13.771915 0.03274017
13.812171 0.032893226
13.852426 0.03303119
13.89268 0.033152144
13.932935 0.033280507
13.973189 0.033376854
14.013444 0.03348978
14.053699 0.033564173
14.093954 0.033672106
14.134209 0.033753477
14.174463 0.033805504
14.214718 0.033848472
14.254972 0.033940654
14.295227 0.03402533
14.335482 0.034108277
14.375736 0.034145463
14.415992 0.03428241
14.456246 0.034426562
14.496501 0.034549702
14.536756 0.034718025
14.57701 0.034937326
14.617265 0.03525608
14.657519 0.03568569
14.697774 0.036305737
14.7380295 0.03715564
14.778284 0.038444202
14.818539 0.040525373
14.858793 0.043984912
14.899048 0.05004091
14.939302 0.060918808
14.979557 0.07865483
15.019813 0.10150265
15.060067 0.12030739
15.100322 0.12408148
15.140576 0.110202014
15.180831 0.08704125
15.221086 0.06625164
15.26134 0.052723728
15.301595 0.045537736
15.34185 0.04234286
15.382105 0.04161352
15.422359 0.042358298
15.462614 0.043473206
15.502869 0.043883458
15.543123 0.042990685
15.583378 0.040778946
15.623633 0.03779899
15.663888 0.034703888
15.704143 0.03199718
15.744397 0.02982487
15.784652 0.028277848
15.824906 0.027118677
15.865161 0.026270313
15.905416 0.025638804
15.945671 0.025118409
15.985926 0.024696575
16.02618 0.024347994
16.066435 0.024074297
16.10669 0.023864608
16.146944 0.023715097
16.187199 0.023616204
16.227453 0.023600923
16.267708 0.023655985
16.307962 0.023849277
16.348217 0.024228798
16.388472 0.024879817
16.428728 0.025933899
16.468983 0.027724465
16.509237 0.030613631
16.549492 0.03506405
16.589746 0.04102158
16.630001 0.047440466
16.670256 0.051996104
16.71051 0.052670937
16.750765 0.049216658
16.79102 0.043306712
16.831274 0.03714328
16.871529 0.032248832
16.911783 0.028916387
16.952038 0.026907854
16.992292 0.02565473
17.032549 0.024766564
17.072803 0.023946343
17.113058 0.023020795
17.153313 0.0219519
17.193567 0.020844864
17.233822 0.019760763
17.274076 0.01883434
17.314331 0.018034494
17.354586 0.017368529
17.39484 0.016887048
17.435095 0.016461683
17.47535 0.01608001
17.515604 0.015750563
17.555859 0.0154812485
17.596113 0.0152474325
17.63637 0.015010051
17.676624 0.014796358
17.716879 0.014603071
17.757133 0.014435035
17.797388 0.014266393
17.837643 0.014097593
17.877897 0.013943794
17.918152 0.0138112055
17.958406 0.013697199
17.998661 0.013566096
18.038916 0.013449871
18.07917 0.013347893
18.119425 0.013265989
18.15968 0.013170385
18.199934 0.013052338
18.24019 0.012953962
18.280445 0.0128428545
18.3207 0.0127488645
18.360954 0.012661356
18.401209 0.0125536835
18.441463 0.012451148
18.481718 0.012376033
18.521973 0.012277816
18.562227 0.0121966535
18.602482 0.012128161
18.642736 0.012051227
18.682991 0.0119755585
18.723246 0.011887647
18.7635 0.011813555
18.803755 0.011756862
18.84401 0.011681556
18.884266 0.011594825
18.92452 0.011549484
18.964775 0.011498753
19.00503 0.011431823
19.045284 0.011378354
19.085539 0.011332582
19.125793 0.011266835
19.166048 0.011214704
19.206303 0.011184184
19.246557 0.011133627
19.286812 0.0110929515
19.327066 0.011046487
19.367321 0.011013514
19.407576 0.010966931
19.44783 0.010924602
19.488087 0.010888524
19.528341 0.0108449785
19.568596 0.01081707
19.60885 0.0108308075
19.649105 0.010802275
19.68936 0.01077333
19.729614 0.01077492
19.769869 0.010796501
19.810123 0.0107777985
19.850378 0.010770035
19.890633 0.010770253
19.930887 0.010751466
19.971142 0.010735918
20.011396 0.010692641
20.051651 0.010673629
20.091908 0.010662347
20.132162 0.01061706
20.172417 0.010581301
20.212671 0.010549416
20.252926 0.010517059
20.29318 0.010490789
20.333435 0.010461757
20.37369 0.010420277
20.413944 0.010397863
20.454199 0.010385191
20.494453 0.010364223
20.534708 0.010358297
20.574963 0.010387122
20.615217 0.010438967
20.655472 0.010548753
20.695728 0.010729125
20.735983 0.010996826
20.776237 0.011376195
20.816492 0.011815763
20.856747 0.012163398
20.897001 0.012330438
20.937256 0.012232801
20.97751 0.011976054
21.017765 0.011661446
21.05802 0.011456262
21.098274 0.011381377
21.138529 0.011353488
21.178783 0.011332592
21.219038 0.011244817
21.259293 0.011074832
21.29955 0.010823309
21.339804 0.010566049
21.380058 0.010346129
21.420313 0.0101446295
21.460567 0.009985158
21.500822 0.009860905
21.541077 0.009768411
21.581331 0.009697182
21.621586 0.009620816
21.66184 0.00956533
21.702095 0.00954376
21.74235 0.009498119
21.782604 0.00947803
21.822859 0.009449626
21.863113 0.009427781
21.903368 0.009405354
21.943624 0.009408921
21.98388 0.009404588
22.024134 0.00940244
22.064388 0.009389133
22.104643 0.009378833
22.144897 0.009343702
22.185152 0.009318334
22.225407 0.009284591
22.265661 0.009256366
22.305916 0.009232395
22.34617 0.0091907885
22.386425 0.009157305
22.42668 0.009126752
22.466934 0.009097704
22.507189 0.009070402
22.547445 0.009036905
22.5877 0.009009764
22.627954 0.008998229
22.66821 0.008978732
22.708464 0.008966749
22.748718 0.008942958
22.788973 0.00892647
22.829227 0.008906111
22.869482 0.008896244
22.909737 0.008889667
22.949991 0.008875879
22.990246 0.008860231
23.0305 0.008849671
23.070755 0.008839248
23.11101 0.008818912
23.151266 0.008816945
23.19152 0.008823409
23.231775 0.008801334
23.27203 0.008813225
23.312284 0.008821996
23.35254 0.008813359
23.392794 0.008818553
23.433048 0.008822228
23.473303 0.008818975
23.513557 0.008816886
23.553812 0.008809382
23.594067 0.008812831
23.634321 0.008804633
23.674576 0.008790231
23.71483 0.008787056
23.755087 0.008775093
23.795341 0.008742469
23.835596 0.00872052
23.87585 0.008714698
23.916105 0.008688994
23.95636 0.008653902
23.996614 0.008640318
24.03687 0.008628179
24.077124 0.008613263
24.117378 0.00860374
24.157633 0.008583621
24.197887 0.008554557
24.238142 0.008536346
24.278397 0.008527084
24.318651 0.008505897
24.358906 0.008506842
24.399162 0.00850649
24.439417 0.00849747
24.479671 0.008495917
24.519926 0.00850026
24.56018 0.008494512
24.600435 0.008489485
24.64069 0.00850802
24.680944 0.008507259
24.721199 0.008533461
24.761454 0.008546631
24.801708 0.008575619
24.841963 0.008627434
24.882217 0.0086874375
24.922472 0.008799525
24.962727 0.008981418
25.002983 0.009207613
25.043238 0.009436544
25.083492 0.009635068
25.123747 0.0097240675
25.164001 0.00971276
25.204256 0.009625391
25.24451 0.00952488
25.284765 0.0094645955
25.32502 0.009460725
25.365274 0.009439204
25.405529 0.009403238
25.445784 0.009337142
25.486038 0.009239973
25.526293 0.009148795
25.566547 0.00907107
25.606804 0.008983387
25.647058 0.008923433
25.687313 0.008881814
25.727568 0.008850606
25.767822 0.008812405
25.808077 0.0087875845
25.848331 0.008760192
25.888586 0.00873812
25.92884 0.008738257
25.969095 0.008738372
26.00935 0.008729528
26.049604 0.008742776
26.089859 0.008750263
26.130114 0.0087675275
26.170368 0.008805649
26.210625 0.008834418
26.25088 0.0088877
26.291134 0.008930291
26.331388 0.008984346
26.371643 0.009055735
26.411898 0.009134461
26.452152 0.0092353085
26.492407 0.009358901
26.532661 0.009485759
26.572916 0.0096406415
26.61317 0.0098178545
26.653425 0.00996112
26.69368 0.010091545
26.733934 0.010125113
26.774189 0.010089738
26.814444 0.010002021
26.8547 0.009894841
26.894955 0.009797474
26.93521 0.009701597
26.975464 0.009641722
27.015718 0.009603948
27.055973 0.009570604
27.096228 0.009560483
27.136482 0.009558398
27.176737 0.009557879
27.216991 0.009563398
27.257246 0.009562662
27.2975 0.009584525
27.337755 0.009614779
27.37801 0.009623454
27.418264 0.009635204
27.45852 0.009649851
27.498775 0.009673351
27.53903 0.009702839
27.579285 0.0097532505
27.61954 0.009799765
27.659794 0.00985136
27.700048 0.009942286
27.740303 0.01008991
27.780558 0.010303151
27.820812 0.010590918
27.861067 0.010952234
27.901321 0.011362621
27.941576 0.011747028
27.98183 0.012015373
28.022085 0.012143577
28.062342 0.012082377
28.102596 0.011900286
28.14285 0.011655593
28.183105 0.0114152925
28.22336 0.011215645
28.263615 0.011063025
28.30387 0.010954948
28.344124 0.010886143
28.384378 0.0108501725
28.424633 0.010833586
28.464888 0.010831618
28.505142 0.010839406
28.545397 0.0108586345
28.585651 0.010856708
28.625906 0.010857842
28.666162 0.010861636
28.706417 0.010861383
28.746672 0.0108324895
28.786926 0.010809087
28.82718 0.010771553
28.867435 0.010744989
28.90769 0.010713534
28.947945 0.01062655
28.9882 0.010566164
29.028454 0.010495363
29.068708 0.010426416
29.108963 0.010356583
29.149218 0.010298041
29.189472 0.010245866
29.229727 0.010204995
29.269981 0.010164088
29.310238 0.010133381
29.350492 0.010123946
29.390747 0.010099387
29.431002 0.0101030525
29.471256 0.010104748
29.51151 0.010128842
29.551765 0.010142232
29.59202 0.01016296
29.632275 0.01017655
29.67253 0.010211178
29.712784 0.010245605
29.753038 0.01026538
29.793293 0.010290289
29.833548 0.010341172
29.873802 0.010384307
29.914059 0.010465616
29.954313 0.010570793
29.994568 0.010693973
30.034822 0.010850344
30.075077 0.010993303
30.115332 0.01110272
30.155586 0.0111434255
30.19584 0.011123238
30.236095 0.011021164
30.27635 0.01088722
30.316605 0.010728079
30.35686 0.010576341
30.397114 0.010459701
30.437368 0.010340435
30.477623 0.010221419
30.51788 0.010122123
30.558134 0.010019292
30.598389 0.009921119
30.638643 0.00985719
30.678898 0.009785452
30.719152 0.009709397
30.759407 0.009634793
30.799662 0.00958503
30.839916 0.009534652
30.88017 0.009474524
30.920425 0.009405825
30.96068 0.0093671195
31.000935 0.009302817
31.04119 0.009237818
31.081444 0.009187986
31.1217 0.009130905
31.161955 0.009093736
31.20221 0.009029944
31.242464 0.008985856
31.282719 0.008929686
31.322973 0.008885713
31.363228 0.008846294
31.403482 0.008803308
31.443737 0.008770767
31.483992 0.008740622
31.524246 0.008728726
31.5645 0.008699407
31.604755 0.0086819315
31.64501 0.008659359
31.685265 0.008637209
31.72552 0.008631787
31.765776 0.008612171
31.80603 0.008605432
31.846285 0.008599543
31.88654 0.008599354
31.926794 0.008593614
31.967049 0.008588059
32.0073 0.008590257
32.047558 0.008583509
32.087814 0.008572489
32.128067 0.008554797
32.168324 0.008540058
32.208576 0.008521822
32.248833 0.008507444
32.289085 0.008482445
32.32934 0.0084652705
32.369595 0.008450261
32.40985 0.008427994
32.450104 0.0084054265
32.49036 0.008393033
32.530613 0.008388559
32.57087 0.008385226
32.611122 0.008387486
32.65138 0.008392037
32.691635 0.008404908
32.731888 0.008424927
32.772144 0.008430323
32.812397 0.008450345
32.852654 0.0084819505
32.892906 0.008508241
32.933163 0.008532444
32.973415 0.008563451
33.01367 0.0085834
33.053925 0.008606927
33.09418 0.008627418
33.134434 0.008663742
33.17469 0.00868662
33.214943 0.008704426
33.2552 0.008714838
33.295456 0.008747143
33.33571 0.008768509
33.375965 0.008741628
33.416218 0.008695803
33.456474 0.008654314
33.496727 0.008593014
33.536983 0.008514735
33.577236 0.008447352
33.617493 0.008359449
33.657745 0.008286123
33.698 0.008224552
33.738255 0.008158431
33.77851 0.008108705
33.818764 0.008055044
33.85902 0.008002201
33.899277 0.007954691
33.93953 0.007929383
33.979786 0.007906623
34.02004 0.007880069
34.060295 0.0078657875
34.100548 0.007844006
34.140804 0.007832471
34.181057 0.007818114
34.221313 0.0078076767
34.261566 0.007792448
34.301823 0.007795542
34.342075 0.007782132
34.38233 0.007766909
34.422585 0.007746918
34.46284 0.0077312677
34.503098 0.007704967
34.54335 0.007681003
34.583607 0.0076567535
34.62386 0.0076319845
34.664116 0.007602238
34.70437 0.0075645866
34.744625 0.007559354
34.784878 0.0075378697
34.825134 0.0075205704
34.865387 0.007488491
34.905643 0.007477365
34.945896 0.007455394
34.986153 0.0074333283
35.026405 0.0074300617
35.06666 0.007415311
35.10692 0.0074288864
35.14717 0.00742792
35.187428 0.0074323537
35.22768 0.0074244672
35.267937 0.0074301925
35.30819 0.007445258
35.348446 0.0074672927
35.3887 0.007382695
35.428955 0.0074490686
35.469208 0.0074942126
35.509464 0.007551789
35.549717 0.0076111904
35.589973 0.0076638334
35.630226 0.007677716
35.670483 0.007699614
35.710735 0.007718184
35.75099 0.0077286367
35.79125 0.007723597
35.8315 0.0077122557
35.871758 0.007700687
35.91201 0.007673483
35.952267 0.007658755
35.99252 0.0076316185
36.032776 0.007609438
36.07303 0.0076031024
36.113285 0.007594606
36.153538 0.0075869863
36.193794 0.007572072
36.234047 0.00753588
36.274303 0.0075204456
36.314556 0.0074864733
36.354813 0.0074523888
36.39507 0.007412988
36.43532 0.007383711
36.47558 0.0073569706
36.51583 0.0073333806
36.556087 0.00729107
36.59634 0.007271759
36.636597 0.0072761155
36.67685 0.0072777737
36.717106 0.007252762
36.75736 0.0072371857
36.797615 0.007247525
36.837868 0.0072396114
36.878124 0.0072176666
36.918377 0.007214085
36.958633 0.0071905395
36.99889 0.0071785846
37.039143 0.0071597095
37.0794 0.0071425512
37.11965 0.0071277665
37.15991 0.0071078744
37.20016 0.0070796614
37.240417 0.007043971
37.28067 0.0070021795
37.320927 0.00698208
37.36118 0.0069390777
37.401436 0.0069161826
37.44169 0.0068968143
37.481945 0.0068872343
37.522198 0.0068752873
37.562454 0.006861303
37.60271 0.006846275
37.642963 0.0068232096
37.68322 0.006827442
37.723473 0.006827144
37.76373 0.0068023973
37.80398 0.0068115913
37.84424 0.006819117
37.88449 0.006796986
37.924747 0.0068038017
37.965 0.0067776116
38.005257 0.006784991
38.04551 0.0067767953
38.085766 0.0067922673
38.12602 0.0067828293
38.166275 0.006769483
38.20653 0.0067526717
38.246784 0.0067731934
38.28704 0.006759305
38.327293 0.006762833
38.36755 0.006764928
38.407803 0.006782003
38.44806 0.0067995284
38.48831 0.0068104127
38.52857 0.0067979833
38.56882 0.0067968895
38.609077 0.006785261
38.64933 0.006751807
38.689587 0.0067336657
38.72984 0.0067170733
38.770096 0.0066727023
38.810352 0.0066292994
38.850605 0.0066092797
38.89086 0.0065743285
38.931114 0.00654198
38.97137 0.006524146
39.011623 0.0065248045
39.05188 0.00649923
39.092133 0.0064981715
39.13239 0.0064624986
39.17264 0.0064538503
39.2129 0.0064589926
39.25315 0.006470629
39.293407 0.006466443
39.33366 0.0064562755
39.373917 0.006451948
39.414173 0.006444726
39.454426 0.0064422465
39.494682 0.0064238743
39.534935 0.0064274357
39.57519 0.0064237593
39.615444 0.006415617
39.6557 0.006413536
39.695953 0.006412587
39.73621 0.0063995933
39.776463 0.006403595
39.81672 0.0063918736
39.85697 0.0063474085
39.89723 0.006320646
39.93748 0.006314905
39.977737 0.0062840767
40.017994 0.006281266
40.058247 0.0062702717
40.098503 0.006265915
40.138756 0.006242629
40.179012 0.006227946
40.219265 0.006193696
40.25952 0.006197919
40.299774 0.00620982
40.34003 0.0061755553
40.380283 0.0061650774
40.42054 0.0061246543
40.460793 0.0061353687
40.50105 0.00611769
40.5413 0.0061237267
40.58156 0.0061261035
40.62181 0.006102934
40.662067 0.006100334
40.702324 0.006105027
40.742577 0.0060968595
40.782833 0.0060730157
40.823086 0.0060660075
40.863342 0.006069122
40.903595 0.006080384
40.94385 0.006071764
40.984104 0.006044764
41.02436 0.006035619
41.064613 0.0060427613
41.10487 0.006045594
41.145123 0.0060627684
41.18538 0.0060419096
41.22563 0.006049964
41.26589 0.00604725
41.306145 0.0060621025
41.346397 0.006045923
41.386654 0.0060189324
41.426907 0.006044026
41.467163 0.006046273
41.507416 0.0060692565
41.547672 0.006093208
41.587925 0.006091071
41.62818 0.006121516
41.668434 0.006140991
41.70869 0.0061355107
41.748943 0.006162634
41.7892 0.006178025
41.829453 0.0062023555
41.86971 0.006193597
41.909966 0.0061650607
41.95022 0.006203001
41.990475 0.0061571402
42.030727 0.0061543956
42.070984 0.0061201626
42.111237 0.006126034
42.151493 0.00608303
42.191746 0.0060509588
42.232002 0.0060440693
42.272255 0.0060324315
42.31251 0.0060223974
42.352764 0.0060113166
42.39302 0.005972364
42.433273 0.005929879
42.47353 0.0059390482
42.513786 0.0059597194
42.55404 0.0059631723
42.594296 0.0059412397
42.63455 0.00592443
42.674805 0.005925666
42.715057 0.0059244363
42.755314 0.005859128
42.795567 0.0058902823
42.835823 0.0059032077
42.876076 0.005881907
42.916332 0.005857303
42.956585 0.005861644
42.99684 0.0058588055
43.037094 0.005878826
43.07735 0.0058509675
43.117607 0.0058287755
43.15786 0.0057950616
43.198116 0.005764562
43.23837 0.0057936874
43.278625 0.0057932846
43.31888 0.0057609887
43.359135 0.005768983
43.399387 0.0058144727
43.439644 0.00579343
43.479897 0.0057853167
43.520153 0.005796496
43.560406 0.005800795
43.600662 0.005775115
43.640915 0.0058171186
43.68117 0.0057492135
43.721428 0.0057155546
43.76168 0.005679545
43.801937 0.0056261616
43.84219 0.005575959
43.882446 0.0054380214
43.9227 0.005317004
43.962955 0.005232407
44.00321 0.0050935093
44.043465 0.004728479
44.083717 0.0043774825
44.123974 0.0039422614
44.164227 0.0034430497
44.204483 0.0024277412
44.244736 0.0008330269
44.284992 1.6872265e-05
44.32525 2.0884463e-05
44.3655 4.054705e-05
44.405758 4.6964014e-06
44.44601 -1.35473e-05
44.486267 -4.241854e-07
44.52652 -2.5916627e-06
44.566776 3.139922e-05
44.60703 3.0592495e-05
44.647285 -9.596309e-07
44.68754 -3.835862e-05
44.727795 1.0367641e-05
44.768047 1.3190754e-05
44.808304 -4.39251e-06
44.848557 3.4618388e-05
44.888813 1.2519804e-05
44.92907 2.3672897e-05
44.969322 6.2068e-05
45.00958 2.9968558e-05
45.04983 -1.7185124e-05
45.090088 9.5857085e-06
45.13034 1.846405e-05
45.170597 4.3009324e-05
45.21085 -2.0168824e-05
45.251106 -3.7720113e-06
45.29136 -1.2711778e-05
45.331615 1.6426071e-05
45.37187 1.8236251e-05
45.412125 -4.3799314e-06
45.452377 1.05964145e-05
45.492634 3.4863275e-05
45.532887 5.4966295e-06
45.573143 7.2799976e-06
45.6134 4.4130356e-05
45.653652 -1.3565359e-06
45.69391 1.0487463e-06
45.73416 4.2532785e-05
